_primPancreas_SP_0.132	_primPancreas_SP_0.197	_primPancreas_SP_0.456	_primPancreas_SP_0.844	_metKidney_SP_0.144	_metKidney_SP_0.587	_metKidney_SP_0.764	_metLung_SP_0.135	_metLung_SP_0.38	_metLung_SP_0.485	_metLung_SP_0.59	_metLung_SP_0.8	_metLung_SP_0.975	Germline
_primPancreas_SP_0.132	0	130	72.8571428571428	50	130	115.714285714286	91.5384615384615	130	130	80	50	66.3636363636364	46.6666666666667	110.555555555556
_primPancreas_SP_0.197	130	0	63.3333333333333	66.3636363636364	130	130	105	130	130	130	130	87.1428571428571	96.6666666666667	118.461538461538
_primPancreas_SP_0.456	72.8571428571428	63.3333333333333	0	64.7826086956522	118.888888888889	130	110	130	101.428571428571	63.3333333333333	80	41.1111111111111	30	109.569892473118
_primPancreas_SP_0.844	50	66.3636363636364	64.7826086956522	0	120.909090909091	113.333333333333	120	85.5555555555556	130	96.6666666666667	80	55	39.0909090909091	113.695652173913
_metKidney_SP_0.144	130	130	118.888888888889	120.909090909091	0	30	96.6666666666667	130	130	115.714285714286	130	130	130	126.875
_metKidney_SP_0.587	115.714285714286	130	130	113.333333333333	30	0	96.6666666666667	118.888888888889	130	115.714285714286	100	121.666666666667	118.888888888889	130
_metKidney_SP_0.764	91.5384615384615	105	110	120	96.6666666666667	96.6666666666667	0	110	63.3333333333333	130	130	96.6666666666667	130	97.5
_metLung_SP_0.135	130	130	130	85.5555555555556	130	118.888888888889	110	0	107.777777777778	30	30	100	130	130
_metLung_SP_0.38	130	130	101.428571428571	130	130	130	63.3333333333333	107.777777777778	0	30	70	115.714285714286	130	117.5
_metLung_SP_0.485	80	130	63.3333333333333	96.6666666666667	115.714285714286	115.714285714286	130	30	30	0	30	70	107.777777777778	123.333333333333
_metLung_SP_0.59	50	130	80	80	130	100	130	30	70	30	0	92.5	101.428571428571	116.111111111111
_metLung_SP_0.8	66.3636363636364	87.1428571428571	41.1111111111111	55	130	121.666666666667	96.6666666666667	100	115.714285714286	70	92.5	0	38.3333333333333	87.5757575757576
_metLung_SP_0.975	46.6666666666667	96.6666666666667	30	39.0909090909091	130	118.888888888889	130	130	130	107.777777777778	101.428571428571	38.3333333333333	0	74.4444444444444
Germline	110.555555555556	118.461538461538	109.569892473118	113.695652173913	126.875	130	97.5	130	117.5	123.333333333333	116.111111111111	87.5757575757576	74.4444444444444	0
