_primPancreas_SP_0.165	_primPancreas_SP_0.391	_primPancreas_SP_0.488	_primPancreas_SP_0.941	_metKidney_SP_0.144271638067538	_metLung_SP_0.135	_metLung_SP_0.24	_metLung_SP_0.31	_metLung_SP_0.38	_metLung_SP_0.485	_metLung_SP_0.59	Germline
_primPancreas_SP_0.165	0	40.2990033222591	41.2956810631229	46.9435215946844	41.6279069767442	43.953488372093	42.624584717608	40.9634551495017	42.624584717608	44.9501661129568	44.9501661129568	130
_primPancreas_SP_0.391	40.2990033222591	0	38.3056478405316	47.9401993355482	45.2823920265781	40.2990033222591	37.641196013289	38.6378737541528	40.2990033222591	44.6179401993355	41.9601328903655	130
_primPancreas_SP_0.488	41.2956810631229	38.3056478405316	0	44.9501661129568	45.6146179401993	41.9601328903655	41.9601328903655	44.2857142857143	44.6179401993355	45.6146179401993	46.2790697674419	130
_primPancreas_SP_0.941	46.9435215946844	47.9401993355482	44.9501661129568	0	44.6179401993355	45.6146179401993	49.6013289036545	52.5913621262458	53.5880398671096	51.9269102990033	48.6046511627907	130
_metKidney_SP_0.144271638067538	41.6279069767442	45.2823920265781	45.6146179401993	44.6179401993355	0	44.2857142857143	42.2923588039867	44.6179401993355	42.9568106312292	43.953488372093	43.2890365448505	130
_metLung_SP_0.135	43.953488372093	40.2990033222591	41.9601328903655	45.6146179401993	44.2857142857143	0	35.9800664451827	37.641196013289	39.3023255813954	36.9767441860465	38.9700996677741	130
_metLung_SP_0.24	42.624584717608	37.641196013289	41.9601328903655	49.6013289036545	42.2923588039867	35.9800664451827	0	35.6478405315615	34.6511627906977	38.9700996677741	38.3056478405316	130
_metLung_SP_0.31	40.9634551495017	38.6378737541528	44.2857142857143	52.5913621262458	44.6179401993355	37.641196013289	35.6478405315615	0	34.3189368770764	37.3089700996678	40.6312292358804	130
_metLung_SP_0.38	42.624584717608	40.2990033222591	44.6179401993355	53.5880398671096	42.9568106312292	39.3023255813954	34.6511627906977	34.3189368770764	0	34.9833887043189	39.6345514950166	130
_metLung_SP_0.485	44.9501661129568	44.6179401993355	45.6146179401993	51.9269102990033	43.953488372093	36.9767441860465	38.9700996677741	37.3089700996678	34.9833887043189	0	38.6378737541528	130
_metLung_SP_0.59	44.9501661129568	41.9601328903655	46.2790697674419	48.6046511627907	43.2890365448505	38.9700996677741	38.3056478405316	40.6312292358804	39.6345514950166	38.6378737541528	0	130
Germline	130	130	130	130	130	130	130	130	130	130	130	0
